#format: frame checksums
#version: 2
#hash: MD5
#software: Lavf61.7.103
#tb 0: 5/81
#media_type 0: video
#codec_id 0: rawvideo
#dimensions 0: 900x780
#sar 0: 0/1
#stream#, dts,        pts, duration,     size, hash
0,          0,          0,        1,  1053000, 2504bfe842b099dff1aa4a961bcb3c9b
0,          1,          1,        1,  1053000, 5ab211a6ffb7b9fdece31598eaa1a85b
0,          2,          2,        1,  1053000, 6ce4f0abc4e40fa15a2594bf02997e30
0,          3,          3,        1,  1053000, 2c74ebea87f87ce7eba29d6613cc5428
0,          4,          4,        1,  1053000, 79756ebe1bf409a2fa5fff9b449dc7f5
0,          5,          5,        1,  1053000, e342c478885620beeb0ccefe0b362ceb
0,          6,          6,        1,  1053000, 05e89db5844b1ff32438b835e7ef6557
0,          7,          7,        1,  1053000, 600bfae0dc1f7b6763c62781b4c4b049
0,          8,          8,        1,  1053000, 133969bb5d3741ba6a052f1a69d384b8
0,          9,          9,        1,  1053000, 4e9ddabc54cef2e05d1cf60a27dd26fc
0,         10,         10,        1,  1053000, 3632d94cde6ceb657b8cad91b97515a5
0,         11,         11,        1,  1053000, b6d41a1495876d17724334e4cd32f79f
0,         12,         12,        1,  1053000, e107d7cbb5233c83e7e527d5e835af8e
0,         13,         13,        1,  1053000, a0777d2eb5b26439ef758d391fbeaf0b
0,         14,         14,        1,  1053000, 0de95dd681b08bdae6c4534649ef5fe8
0,         15,         15,        1,  1053000, 826e5139fa17127a4f1fc2d43d7b5772
0,         16,         16,        1,  1053000, 0b8ed3ae9e755313651925ba6a15cc47
0,         17,         17,        1,  1053000, f1ccaa945d0b02b345a418f8e1e16b61
0,         18,         18,        1,  1053000, 0c67652f29e007b2465af39206df670e
0,         19,         19,        1,  1053000, e05fa5fb8390637952685e4daed9efe0
0,         20,         20,        1,  1053000, 665d9fdb1ed2f4ebef5a8515c3f4ec31
0,         21,         21,        1,  1053000, ee218cad6604d845aa6c8c7279b26a7e
0,         22,         22,        1,  1053000, d1947b24284fb87db833266a29f7408a
0,         23,         23,        1,  1053000, 2e22e6943bc0b0d6cfa350a2b5bb497c
0,         24,         24,        1,  1053000, 2cd1dac998dd9835e2b5b024b94c2bb8
0,         25,         25,        1,  1053000, 778ef66c0e1e6ef2ee084600e8f0bf49
0,         26,         26,        1,  1053000, fbf6fd1bc56ed35bca8cb8f898d57ac4
0,         27,         27,        1,  1053000, 5d29fa11e509f71fa74d98ed709a23cf
0,         28,         28,        1,  1053000, b6ff494b5f4ed5be673710e07748a857
0,         29,         29,        1,  1053000, 6f2debd2f5e63621ff6fba67008da46f
0,         30,         30,        1,  1053000, 929dab5f4349a9a6ea5fb9629666af4e
0,         31,         31,        1,  1053000, 815cb1b8f38f9bfe491e5cf4b035e43a
0,         32,         32,        1,  1053000, 7b639370cdf6ad3ec603e7b71e02398d
0,         33,         33,        1,  1053000, 93dccb9225adb7e65a66c269bb0bfa40
0,         34,         34,        1,  1053000, fc8cc568ff845babb0af9f4bba3c19ce
0,         35,         35,        1,  1053000, 9558886697007721d4198e6b91861fb6
0,         36,         36,        1,  1053000, 999cc42c73a6d850830e990e14978275
0,         37,         37,        1,  1053000, 9a493ca530f57698f4585f76063112f6
0,         38,         38,        1,  1053000, 4e8efb4f456549f7e61e1165ea69b6ce
0,         39,         39,        1,  1053000, 3cbc25c10b264c8df0ca97ffba1dd289
0,         40,         40,        1,  1053000, 49920202b1025c3af880f2df12b6c901
0,         41,         41,        1,  1053000, ea237b05f22f621be49a07f7905bc91e
0,         42,         42,        1,  1053000, dc476e63a76881245c910b41a6ee9683
0,         43,         43,        1,  1053000, ec18e0a0bb35833e5bdba9bf616ddcdc
0,         44,         44,        1,  1053000, 97452b8759bc678dec3d0a3a216090cb
0,         45,         45,        1,  1053000, f065a2cd59cf37559306bcbf9fcdcb91
0,         46,         46,        1,  1053000, 420f48b0fc774e80fb822900fdf518fc
0,         47,         47,        1,  1053000, e17798532776f762dab161fbcbfd6581
0,         48,         48,        1,  1053000, 2da706795f302aebe85dbca22bbc9db5
0,         49,         49,        1,  1053000, 5610289d29c7eb20890262d6f053d9f5
0,         50,         50,        1,  1053000, 07e9b0e51426351d59361b7b4757778e
0,         51,         51,        1,  1053000, 6eb730027d6f39a914b1f2bab99b943e
0,         52,         52,        1,  1053000, 8a55aba6f431a60323b040d4f4092d64
0,         53,         53,        1,  1053000, efc55918eb5472ac656ed19c83748e64
0,         54,         54,        1,  1053000, d1e40b52c8b4e0de736c1c1c86ecd6d5
0,         55,         55,        1,  1053000, 9a4b4c5ac2586a3fc2a1767b9725a446
0,         56,         56,        1,  1053000, f0d745db18603803c6a7bcfb85f92e54
0,         57,         57,        1,  1053000, 7cabba2d6d48188a6bc6bda43dbbe70f
0,         58,         58,        1,  1053000, 54666588ec646dd85c975ed9c1a6e899
0,         59,         59,        1,  1053000, aa541a070d3d901fa17c846e9434daec
0,         60,         60,        1,  1053000, a524774aa8a789903d872b11d4e2a2ce
0,         61,         61,        1,  1053000, ad3777329ed809c39637ab6150412c68
0,         62,         62,        1,  1053000, c6e7a6e3d7b4752907fb20a535a4f11e
0,         63,         63,        1,  1053000, b6cc12e7d5c6fbcbbd607b33d3cd7a01
0,         64,         64,        1,  1053000, a9b424d0f5eb58520059873417eb634f
0,         65,         65,        1,  1053000, bddaf8876684fd18a8da8a6599d7f0a3
0,         66,         66,        1,  1053000, d55220c506eb3117e518cdd5d6077c03
0,         67,         67,        1,  1053000, 2455d08d71065d3dbd440e6aa772d7e0
0,         68,         68,        1,  1053000, ecd08774a24300d224da794e4d173ed8
0,         69,         69,        1,  1053000, 2487ce99b348e94fdfe18febb2867aa0
0,         70,         70,        1,  1053000, 47f671a09cea7e93e361c61e2159bb43
0,         71,         71,        1,  1053000, 6fa3573b1f658da8c1bb4fef7b3da831
0,         72,         72,        1,  1053000, 08f24a415f01a91bbaa883fadadb02ba
0,         73,         73,        1,  1053000, 89bfa593bd1b7ed93b9cb730b6d7113f
0,         74,         74,        1,  1053000, e8d17764b39b33b7d45395326c19a36f
0,         75,         75,        1,  1053000, ee89a17befbb0c8f2fc9b9b5775e40a6
0,         76,         76,        1,  1053000, 8386070070812bcb6cc57c8de223b7d5
0,         77,         77,        1,  1053000, 8836d19278a5415170cf1ea3dcc8d281
0,         78,         78,        1,  1053000, 4dfe9b4a2293ddc4c33221d05f844af1
0,         79,         79,        1,  1053000, d6df278d52bae0c2eacd988cfc552c63
0,         80,         80,        1,  1053000, a5b4d4c2a0b8977dad23e395d7151375
